{
  "advancedEditorSelectedIdentifier" : "ProjectBrowser",
  "openSceneRelativePaths" : [
    "Immersive.usda"
  ],
  "recentIdentifiers" : {
    "1D572CEB-057A-41C3-B575-04C37501A3C0" : [

    ]
  },
  "sceneCameraHistory" : {
    "1D572CEB-057A-41C3-B575-04C37501A3C0" : [
      {
        "date" : 760301304.33399,
        "title" : "Untitled",
        "transform" : [
          0.98566914,
          1.29205375e-08,
          0.16868988,
          0,
          0.1056936,
          0.7793766,
          -0.6175766,
          0,
          -0.13147302,
          0.62655556,
          0.76820767,
          0,
          -0.6881926,
          0.59552133,
          0.68634707,
          1
        ]
      },
      {
        "date" : 760300998.579638,
        "title" : "Untitled",
        "transform" : [
          0.9856694,
          1.2920541e-08,
          0.1686899,
          0,
          0.1056936,
          0.7793766,
          -0.6175766,
          0,
          -0.13147302,
          0.62655556,
          0.76820767,
          0,
          -0.6687118,
          0.47188738,
          0.454231,
          1
        ]
      },
      {
        "date" : 760300983.145841,
        "title" : "Untitled",
        "transform" : [
          0.99995345,
          1.2468975e-08,
          -0.009647471,
          0,
          -0.008807809,
          0.40803882,
          -0.9129221,
          0,
          0.003936493,
          0.9129645,
          0.40801996,
          0,
          -0.5895513,
          0.6278534,
          0.19039232,
          1
        ]
      },
      {
        "date" : 760300962.011897,
        "title" : "Untitled",
        "transform" : [
          0.9965154,
          1.2270686e-08,
          0.08340939,
          0,
          0.08335092,
          0.037434712,
          -0.9958169,
          0,
          -0.0031224668,
          0.9992991,
          0.037304368,
          0,
          -0.5970706,
          0.6996177,
          -0.07305488,
          1
        ]
      },
      {
        "date" : 760300959.201746,
        "title" : "Untitled",
        "transform" : [
          0.9886441,
          1.2284101e-08,
          -0.15027556,
          0,
          -0.15018404,
          0.034899447,
          -0.9880419,
          0,
          0.005244499,
          0.99939084,
          0.034503248,
          0,
          -0.58568525,
          0.69973993,
          -0.06973664,
          1
        ]
      },
      {
        "date" : 760300951.194868,
        "title" : "Untitled",
        "transform" : [
          0.9999554,
          1.2284101e-08,
          0.009438597,
          0,
          0.00943284,
          0.034899507,
          -0.9993463,
          0,
          -0.0003294551,
          0.99939084,
          0.034898058,
          0,
          -0.57243145,
          0.69973993,
          -0.09528611,
          1
        ]
      },
      {
        "date" : 760300935.562626,
        "title" : "Untitled",
        "transform" : [
          0.9882921,
          1.2284101e-08,
          0.15257323,
          0,
          0.15248029,
          0.034899447,
          -0.98769015,
          0,
          -0.0053247884,
          0.9993907,
          0.034490943,
          0,
          -0.55772656,
          0.69973993,
          -0.108975686,
          1
        ]
      },
      {
        "date" : 760300929.814303,
        "title" : "Untitled",
        "transform" : [
          0.977178,
          1.1932652e-08,
          0.21242198,
          0,
          0.19858067,
          0.35506833,
          -0.9135055,
          0,
          -0.07542438,
          0.93484026,
          0.346965,
          0,
          -0.6042971,
          0.6610037,
          0.10279297,
          1
        ]
      },
      {
        "date" : 760300913.862279,
        "title" : "Untitled",
        "transform" : [
          0.9968537,
          6.2180736e-09,
          -0.0792623,
          0,
          -0.07780856,
          0.19064209,
          -0.9785712,
          0,
          0.015110669,
          0.9816597,
          0.19004232,
          0,
          -0.54720515,
          0.6900776,
          -0.007570839,
          1
        ]
      },
      {
        "date" : 760300910.845056,
        "title" : "Untitled",
        "transform" : [
          0.9401852,
          5.037584e-09,
          0.3406636,
          0,
          0.31340227,
          0.3919757,
          -0.86494744,
          0,
          -0.13353193,
          0.91997564,
          0.36852974,
          0,
          -0.59338915,
          0.6766013,
          0.1330149,
          1
        ]
      }
    ]
  },
  "sceneViewportBackgroundColors" : {

  }
}